,Player,Position,Team,Age,Game,GS,Minutes,FG,3P,2P,FT,DRB,Rebound,Assist,STL,BLK,TOV,PF,Point,salary
0,Steven Adams,C,OKC,25.0,80.0,80.0,33.4,6.0,0.0,6.0,1.8,4.6,9.5,1.6,1.5,1.0,1.7,2.6,13.9,24157303
1,Bam Adebayo,C,MIA,21.0,82.0,28.0,23.3,3.4,0.0,3.4,2.0,5.3,7.3,2.2,0.9,0.8,1.5,2.5,8.9,2955840
2,LaMarcus Aldridge,C,SAS,33.0,81.0,81.0,33.2,8.4,0.1,8.3,4.3,6.1,9.2,2.4,0.5,1.3,1.8,2.2,21.3,22347015
3,Grayson Allen,SG,UTA,23.0,38.0,2.0,10.9,1.8,0.8,0.9,1.2,0.5,0.6,0.7,0.2,0.2,0.9,1.2,5.6,2074320
4,Jarrett Allen,C,BRK,20.0,80.0,80.0,26.2,4.2,0.1,4.1,2.5,6.0,8.4,1.4,0.5,1.5,1.3,2.3,10.9,2034120
5,Al-Farouq Aminu,PF,POR,28.0,81.0,81.0,28.3,3.2,1.2,2.0,1.9,6.1,7.5,1.3,0.8,0.4,0.9,1.8,9.4,6957105
6,Justin Anderson,SF,ATL,25.0,48.0,4.0,9.6,1.3,0.5,0.8,0.5,1.3,1.8,0.5,0.5,0.3,0.5,1.0,3.7,2516048
7,Kyle Anderson,SF,MEM,25.0,43.0,40.0,29.8,3.5,0.2,3.3,0.9,4.7,5.8,3.0,1.3,0.9,1.3,2.6,8.0,8641000
8,Ryan Anderson,PF,TOT,30.0,25.0,8.0,12.9,0.8,0.4,0.5,0.5,1.4,2.2,0.8,0.2,0.0,0.6,1.0,2.5,20421546
9,Ike Anigbogu,C,IND,20.0,3.0,0.0,2.0,0.0,0.0,0.0,0.0,0.7,1.0,0.3,0.0,0.3,0.3,0.0,0.0,1378242
10,Giannis Antetokounmpo,PF,MIL,24.0,72.0,72.0,32.8,10.0,0.7,9.3,6.9,10.3,12.5,5.9,1.3,1.5,3.7,3.2,27.7,24157303
11,Carmelo Anthony,PF,HOU,34.0,10.0,2.0,29.4,4.9,2.1,2.8,1.5,4.5,5.4,0.5,0.4,0.7,0.8,3.2,13.4,1512601
12,OG Anunoby,SF,TOR,21.0,67.0,6.0,20.2,2.7,1.0,1.7,0.5,2.1,2.9,0.7,0.7,0.3,0.8,2.1,7.0,2034120
13,Trevor Ariza,SF,TOT,33.0,69.0,69.0,34.0,4.3,2.1,2.2,1.9,4.7,5.4,3.7,1.3,0.3,1.5,1.9,12.5,15000000
14,D.J. Augustin,PG,ORL,31.0,81.0,81.0,28.0,3.9,1.6,2.3,2.2,2.0,2.5,5.3,0.6,0.0,1.6,1.4,11.7,7250000
15,Deandre Ayton,C,PHO,20.0,71.0,70.0,30.7,7.2,0.0,7.2,2.0,7.1,10.3,1.8,0.9,0.9,1.8,2.9,16.3,8165160
16,Dwayne Bacon,SG,CHO,23.0,43.0,13.0,17.7,2.8,0.9,2.0,0.8,1.9,2.1,1.1,0.3,0.1,0.4,1.7,7.3,1378242
17,Lonzo Ball,PG,LAL,21.0,47.0,45.0,30.3,3.9,1.6,2.3,0.4,4.2,5.3,5.4,1.5,0.4,2.2,2.4,9.9,7461960
18,Harrison Barnes,PF,TOT,26.0,77.0,77.0,32.9,5.6,2.3,3.3,3.0,3.9,4.7,1.5,0.6,0.2,1.3,1.6,16.4,24107258
19,Will Barton,SF,DEN,28.0,43.0,38.0,27.7,4.3,1.6,2.7,1.3,3.9,4.6,2.9,0.4,0.5,1.5,1.9,11.5,11830358
20,Keita Bates-Diop,SF,MIN,23.0,30.0,3.0,16.8,2.0,0.4,1.6,0.6,2.2,2.8,0.6,0.6,0.5,0.5,1.0,5.0,838464
21,Nicolas Batum,SF,CHO,30.0,75.0,72.0,31.4,3.4,1.5,1.8,1.0,4.3,5.2,3.3,0.9,0.6,1.6,1.9,9.3,24000000
22,Jerryd Bayless,PG,MIN,30.0,34.0,6.0,19.3,2.4,0.9,1.6,0.5,1.5,1.8,3.5,0.5,0.1,0.9,1.6,6.1,8575916
23,Bradley Beal,SG,WAS,25.0,82.0,82.0,36.9,9.3,2.5,6.8,4.4,3.9,5.0,5.5,1.5,0.7,2.7,2.8,25.6,25434263
24,Malik Beasley,SG,DEN,22.0,81.0,18.0,23.2,4.3,2.0,2.3,0.7,2.0,2.5,1.2,0.7,0.1,0.7,1.4,11.3,1773840
25,Michael Beasley,PF,LAL,30.0,26.0,2.0,10.7,2.9,0.1,2.8,1.1,1.8,2.3,1.0,0.3,0.4,1.0,1.6,7.0,3500000
26,Marco Belinelli,SG,SAS,32.0,79.0,1.0,23.0,3.6,1.9,1.7,1.4,2.3,2.5,1.7,0.4,0.1,0.9,1.5,10.5,6153846
27,Jordan Bell,C,GSW,24.0,68.0,3.0,11.6,1.5,0.0,1.5,0.4,1.9,2.7,1.1,0.3,0.8,0.6,1.2,3.3,1378242
28,DeAndre' Bembry,SG,ATL,24.0,82.0,15.0,23.5,3.4,0.6,2.7,1.1,3.7,4.4,2.5,1.3,0.5,1.7,2.3,8.4,1634640
29,Dragan Bender,PF,PHO,21.0,46.0,27.0,18.0,1.9,0.5,1.4,0.7,3.2,4.0,1.2,0.4,0.5,0.8,2.0,5.0,4661280
30,Patrick Beverley,PG,LAC,30.0,78.0,49.0,27.4,2.5,1.4,1.1,1.2,4.0,5.0,3.8,0.9,0.6,1.1,3.4,7.6,5027028
31,Bismack Biyombo,C,CHO,26.0,54.0,32.0,14.5,1.6,0.0,1.6,1.1,3.1,4.6,0.6,0.2,0.8,0.6,1.9,4.4,17000000
32,Nemanja Bjelica,PF,SAC,30.0,77.0,70.0,23.2,3.7,1.3,2.4,0.9,4.1,5.8,1.9,0.7,0.7,1.1,2.6,9.6,6500000
33,Eric Bledsoe,PG,MIL,29.0,78.0,78.0,29.1,6.0,1.6,4.4,2.3,3.6,4.6,5.5,1.5,0.4,2.1,2.0,15.9,15000000
34,Andrew Bogut,C,GSW,34.0,11.0,5.0,12.2,1.6,0.0,1.6,0.3,3.9,5.0,1.0,0.3,0.7,0.7,2.0,3.5,307648
35,Jonah Bolden,PF,PHI,23.0,44.0,10.0,14.5,1.8,0.8,1.0,0.3,2.7,3.8,0.9,0.4,0.9,0.8,2.3,4.7,1690000
36,Isaac Bonga,PG,LAL,19.0,22.0,0.0,5.5,0.2,0.0,0.2,0.4,0.7,1.1,0.7,0.4,0.2,0.3,0.4,0.9,1000000
37,Devin Booker,SG,PHO,22.0,64.0,64.0,35.0,9.2,2.1,7.0,6.1,3.5,4.1,6.8,0.9,0.2,4.1,3.1,26.6,3314365
38,Avery Bradley,SG,TOT,28.0,63.0,63.0,30.2,3.9,1.4,2.6,0.7,2.1,2.8,2.4,0.7,0.3,1.4,2.7,9.9,12000000
39,Tony Bradley,C,UTA,21.0,3.0,0.0,12.0,2.7,0.0,2.7,0.3,2.0,5.0,0.3,0.7,0.7,1.0,2.0,5.7,1679520
40,Corey Brewer,SF,TOT,32.0,31.0,3.0,15.9,1.7,0.5,1.3,1.0,1.6,2.5,1.3,1.0,0.2,0.6,2.0,4.9,2000000
41,Mikal Bridges,SF,PHO,22.0,82.0,56.0,29.5,3.0,1.3,1.7,1.2,2.5,3.2,2.1,1.6,0.5,0.9,2.5,8.3,3552960
42,Miles Bridges,SF,CHO,20.0,80.0,25.0,21.2,3.0,0.8,2.2,0.7,3.2,4.0,1.2,0.7,0.6,0.6,1.4,7.5,3206640
43,Malcolm Brogdon,SG,MIL,26.0,64.0,64.0,28.6,5.9,1.6,4.3,2.2,3.5,4.5,3.2,0.7,0.2,1.4,1.6,15.6,1544951
44,Dillon Brooks,SF,MEM,23.0,18.0,0.0,18.3,2.7,0.8,1.9,1.2,1.2,1.7,0.9,0.6,0.2,1.1,2.8,7.5,1378242
45,MarShon Brooks,SG,MEM,30.0,29.0,0.0,13.3,2.6,0.5,2.1,0.8,1.1,1.6,0.9,0.3,0.1,0.7,1.1,6.6,1656092
46,Bruce Brown,SG,DET,22.0,74.0,56.0,19.6,1.7,0.3,1.4,0.6,1.9,2.5,1.2,0.5,0.5,0.6,2.4,4.3,838464
47,Jaylen Brown,SG,BOS,22.0,74.0,25.0,25.9,5.0,1.3,3.7,1.8,3.4,4.2,1.4,0.9,0.4,1.3,2.5,13.0,5169960
48,Sterling Brown,SG,MIL,23.0,58.0,7.0,17.8,2.5,0.9,1.6,0.5,2.7,3.2,1.4,0.4,0.1,0.8,1.5,6.4,1378242
49,Jalen Brunson,PG,DAL,22.0,73.0,38.0,21.8,3.6,0.9,2.8,1.2,2.0,2.3,3.2,0.5,0.1,1.2,1.7,9.3,1230000
50,Thomas Bryant,C,WAS,21.0,72.0,53.0,20.8,4.3,0.5,3.8,1.5,4.7,6.3,1.3,0.3,0.9,0.8,1.8,10.5,1378242
51,Reggie Bullock,SG,TOT,27.0,63.0,60.0,29.8,3.9,2.3,1.5,1.2,2.4,2.7,2.0,0.6,0.2,1.0,1.7,11.3,2500000
52,Trey Burke,PG,TOT,26.0,58.0,8.0,19.4,4.1,1.0,3.1,1.8,1.2,1.7,2.7,0.6,0.1,0.8,1.0,10.9,1795015
53,Alec Burks,SG,TOT,27.0,64.0,24.0,21.5,3.0,1.0,2.0,1.8,3.2,3.7,2.0,0.6,0.3,1.0,1.4,8.8,11536515
54,Jimmy Butler,SF,TOT,29.0,65.0,65.0,33.6,6.4,1.0,5.4,4.8,3.4,5.3,4.0,1.9,0.6,1.5,1.7,18.7,20445779
55,Bruno Caboclo,SF,MEM,23.0,34.0,19.0,23.5,2.8,1.4,1.4,1.2,3.4,4.6,1.5,0.4,1.0,1.1,2.4,8.3,522151
56,Kentavious Caldwell-Pope,SG,LAL,25.0,82.0,23.0,24.8,4.0,1.8,2.1,1.7,2.3,2.9,1.3,0.9,0.2,0.8,1.7,11.4,12000000
57,Isaiah Canaan,PG,TOT,27.0,30.0,16.0,21.0,2.1,1.1,1.0,0.6,1.7,1.9,2.8,0.5,0.1,1.2,1.7,6.0,1512601
58,Clint Capela,C,HOU,24.0,67.0,67.0,33.6,7.1,0.0,7.1,2.5,8.2,12.7,1.4,0.7,1.5,1.4,2.5,16.6,13793104
59,DeMarre Carroll,PF,BRK,32.0,67.0,8.0,25.4,3.4,1.6,1.8,2.7,4.2,5.2,1.3,0.5,0.1,1.1,1.7,11.1,15400000
60,Jevon Carter,PG,MEM,23.0,39.0,3.0,14.8,1.4,0.9,0.6,0.7,1.3,1.7,1.8,0.7,0.3,0.8,1.4,4.4,838464
61,Vince Carter,PF,ATL,42.0,76.0,9.0,17.5,2.6,1.6,1.0,0.6,2.1,2.6,1.1,0.6,0.4,0.6,1.9,7.4,1512601
62,Michael Carter-Williams,PG,TOT,27.0,28.0,1.0,13.3,1.6,0.4,1.3,1.1,1.8,2.5,2.5,0.7,0.5,0.7,1.7,4.8,59820
63,Omri Casspi,SF,MEM,30.0,36.0,0.0,14.4,2.4,0.4,2.0,1.1,2.7,3.2,0.7,0.6,0.3,0.6,1.0,6.3,1512601
64,Willie Cauley-Stein,C,SAC,25.0,81.0,81.0,27.3,5.1,0.0,5.1,1.7,6.1,8.4,2.4,1.2,0.6,1.0,2.8,11.9,4696875
65,Tyson Chandler,C,TOT,36.0,55.0,6.0,15.9,1.1,0.0,1.1,0.9,3.9,5.6,0.7,0.4,0.4,0.8,2.0,3.1,1333140
66,Wilson Chandler,PF,TOT,31.0,51.0,33.0,23.1,2.2,1.2,1.1,0.4,3.3,4.2,1.6,0.5,0.4,0.9,2.4,6.0,12800562
67,Marquese Chriss,PF,TOT,21.0,43.0,2.0,11.6,1.6,0.4,1.2,0.7,2.4,3.3,0.5,0.4,0.3,0.8,1.9,4.2,3206160
68,Jordan Clarkson,SG,CLE,26.0,81.0,0.0,27.3,6.5,1.8,4.8,2.0,2.3,3.3,2.4,0.7,0.2,1.7,1.4,16.8,12500000
69,John Collins,PF,ATL,21.0,61.0,59.0,30.0,7.6,0.9,6.7,3.3,6.2,9.8,2.0,0.4,0.6,2.0,3.3,19.5,2299080
70,Zach Collins,C,POR,21.0,77.0,0.0,17.6,2.5,0.5,1.9,1.2,2.8,4.2,0.9,0.3,0.9,1.0,2.3,6.6,3628920
71,Darren Collison,PG,IND,31.0,76.0,76.0,28.2,4.1,1.0,3.0,2.1,2.6,3.1,6.0,1.4,0.1,1.6,1.8,11.2,10000000
72,Mike Conley,PG,MEM,31.0,70.0,70.0,33.5,7.0,2.2,4.8,4.9,2.8,3.4,6.4,1.3,0.3,1.9,1.8,21.1,30521115
73,Pat Connaughton,SG,MIL,26.0,61.0,2.0,20.7,2.7,1.1,1.6,0.5,3.2,4.2,2.0,0.5,0.4,0.5,1.3,6.9,1641000
74,DeMarcus Cousins,C,GSW,28.0,30.0,30.0,25.7,5.9,0.9,5.1,3.5,6.8,8.2,3.6,1.3,1.5,2.4,3.6,16.3,5337000
75,Allen Crabbe,SG,BRK,26.0,43.0,20.0,26.3,3.2,2.3,0.9,1.0,3.1,3.4,1.1,0.5,0.3,1.1,2.4,9.6,18500000
76,Jamal Crawford,SG,PHO,38.0,64.0,0.0,18.9,2.7,1.0,1.7,1.5,1.2,1.3,3.6,0.5,0.2,1.5,1.2,7.9,1512601
77,Jae Crowder,SF,UTA,28.0,80.0,11.0,27.1,4.0,2.2,1.8,1.8,4.1,4.8,1.7,0.8,0.4,1.1,2.1,11.9,7305825
78,Dante Cunningham,PF,SAS,31.0,64.0,21.0,14.5,1.2,0.5,0.7,0.2,2.2,2.9,0.8,0.4,0.2,0.3,1.1,3.0,2487000
79,Stephen Curry,PG,GSW,30.0,69.0,69.0,33.8,9.2,5.1,4.0,3.8,4.7,5.3,5.2,1.3,0.4,2.8,2.4,27.3,37457154
80,Anthony Davis,C,NOP,25.0,56.0,56.0,33.0,9.5,0.9,8.6,6.1,8.9,12.0,3.9,1.6,2.4,2.0,2.4,25.9,25434263
81,Deyonta Davis,C,ATL,22.0,9.0,0.0,13.1,1.7,0.0,1.7,0.7,2.9,4.0,0.6,0.3,0.6,0.3,1.3,4.0,25367
82,Ed Davis,C,BRK,29.0,81.0,1.0,17.9,2.3,0.0,2.3,1.2,5.9,8.6,0.8,0.4,0.4,0.8,2.8,5.8,4449000
83,Sam Dekker,PF,TOT,24.0,47.0,5.0,16.8,2.6,0.4,2.1,0.6,2.0,3.1,1.0,0.8,0.1,0.5,1.0,6.1,2760095
84,Luol Deng,SF,MIN,33.0,22.0,2.0,17.8,2.7,0.6,2.0,1.1,2.4,3.3,0.8,0.7,0.4,0.6,1.1,7.1,1512601
85,DeMar DeRozan,SG,SAS,29.0,77.0,77.0,34.9,8.2,0.1,8.1,4.8,5.3,6.0,6.2,1.1,0.5,2.6,2.3,21.2,27739975
86,Cheick Diallo,PF,NOP,22.0,64.0,1.0,14.0,2.6,0.0,2.6,0.8,4.0,5.2,0.5,0.5,0.5,0.8,1.8,6.0,1544951
87,Hamidou Diallo,SG,OKC,20.0,51.0,3.0,10.3,1.5,0.1,1.4,0.7,1.2,1.9,0.3,0.4,0.2,0.5,1.5,3.7,838464
88,Gorgui Dieng,C,MIN,29.0,76.0,2.0,13.6,2.5,0.3,2.2,1.2,3.0,4.1,0.9,0.6,0.5,0.8,1.8,6.4,15170787
89,Spencer Dinwiddie,PG,BRK,25.0,68.0,4.0,28.1,5.4,1.8,3.6,4.2,2.1,2.4,4.6,0.6,0.3,2.2,2.8,16.8,1656092
90,Donte DiVincenzo,SG,MIL,22.0,27.0,0.0,15.2,1.9,0.8,1.0,0.3,1.8,2.4,1.1,0.5,0.2,0.7,1.4,4.9,2481000
91,Tyler Dorsey,SG,TOT,22.0,48.0,11.0,14.5,2.2,0.9,1.3,0.8,1.8,2.4,1.2,0.3,0.0,0.6,1.1,6.2,1378242
92,Damyean Dotson,SG,NYK,24.0,73.0,40.0,27.5,4.0,1.7,2.2,1.0,3.1,3.6,1.8,0.8,0.1,1.0,1.8,10.7,1378242
93,Andre Drummond,C,DET,25.0,79.0,79.0,33.5,7.1,0.1,7.0,3.1,10.2,15.6,1.4,1.7,1.7,2.2,3.4,17.3,25434263
94,Jared Dudley,PF,BRK,33.0,59.0,25.0,20.7,1.7,0.9,0.8,0.5,2.1,2.6,1.4,0.6,0.3,0.7,2.2,4.9,9530000
95,Kris Dunn,PG,CHI,24.0,46.0,44.0,30.2,4.7,0.7,3.9,1.2,3.7,4.1,6.0,1.5,0.5,2.3,3.6,11.3,4221000
96,Kevin Durant,SF,GSW,30.0,78.0,78.0,34.6,9.2,1.8,7.5,5.7,5.9,6.4,5.9,0.7,1.1,2.9,2.0,26.0,30000000
97,Henry Ellenson,PF,TOT,22.0,19.0,0.0,13.6,2.1,0.9,1.2,1.0,3.2,3.5,0.8,0.4,0.1,0.5,1.4,6.0,341831
98,Wayne Ellington,SG,TOT,31.0,53.0,38.0,24.5,3.5,2.6,0.9,0.7,1.8,2.0,1.4,1.0,0.1,0.8,1.7,10.3,2383076
99,Joel Embiid,C,PHI,24.0,64.0,64.0,33.7,9.1,1.2,7.8,8.2,11.1,13.6,3.7,0.7,1.9,3.5,3.3,27.5,25467250
100,Jacob Evans,SG,GSW,21.0,30.0,1.0,6.8,0.6,0.1,0.5,0.0,0.6,0.8,0.8,0.2,0.1,0.4,0.9,1.3,1644240
101,Jawun Evans,PG,TOT,22.0,8.0,0.0,8.1,0.4,0.0,0.4,0.0,1.4,1.5,1.3,0.4,0.0,0.8,1.0,0.8,1378242
102,Tyreke Evans,SG,IND,29.0,69.0,18.0,20.3,3.7,1.1,2.6,1.7,2.4,2.9,2.4,0.8,0.3,1.7,1.7,10.2,12400000
103,Dante Exum,PG,UTA,23.0,42.0,1.0,15.8,2.4,0.4,2.0,1.6,1.2,1.6,2.6,0.3,0.1,1.2,1.6,6.9,9600000
104,Kenneth Faried,C,TOT,29.0,37.0,13.0,19.7,4.2,0.2,4.0,1.7,4.1,6.8,0.5,0.5,0.6,0.9,2.2,10.4,683661
105,Derrick Favors,C,UTA,27.0,76.0,70.0,23.2,4.8,0.2,4.6,2.0,4.6,7.4,1.2,0.7,1.4,1.1,2.1,11.8,16900000
106,Raymond Felton,PG,OKC,34.0,33.0,0.0,11.5,1.7,0.6,1.1,0.4,0.9,1.0,1.6,0.3,0.2,0.4,0.9,4.3,1512601
107,Terrance Ferguson,SG,OKC,20.0,74.0,74.0,26.1,2.5,1.4,1.1,0.5,1.5,1.9,1.0,0.5,0.2,0.6,3.1,6.9,2118840
108,Evan Fournier,SG,ORL,26.0,81.0,81.0,31.5,5.8,1.9,3.9,1.7,2.7,3.2,3.6,0.9,0.1,1.9,2.8,15.1,17150000
109,De'Aaron Fox,PG,SAC,21.0,81.0,81.0,31.4,6.2,1.1,5.2,3.7,3.2,3.8,7.3,1.6,0.6,2.8,2.5,17.3,5470920
110,Jimmer Fredette,SG,PHO,29.0,6.0,0.0,10.8,1.3,0.0,1.3,1.0,1.0,1.2,1.3,0.5,0.0,0.8,0.8,3.7,208509
111,Channing Frye,C,CLE,35.0,36.0,6.0,9.5,1.2,0.9,0.3,0.3,1.3,1.4,0.6,0.2,0.1,0.4,1.2,3.6,1512601
112,Markelle Fultz,SG,PHI,20.0,19.0,15.0,22.5,3.4,0.2,3.2,1.1,2.3,3.7,3.1,0.9,0.3,1.3,2.7,8.2,8339880
113,Danilo Gallinari,SF,LAC,30.0,68.0,68.0,30.3,6.0,2.4,3.6,5.4,5.3,6.1,2.6,0.7,0.3,1.5,1.9,19.8,21587579
114,Marc Gasol,C,TOT,34.0,79.0,72.0,30.8,4.9,1.3,3.7,2.4,6.9,7.9,4.4,1.1,1.1,2.0,2.7,13.6,24119025
115,Pau Gasol,C,TOT,38.0,30.0,6.0,12.0,1.4,0.2,1.2,0.9,3.8,4.6,1.7,0.2,0.5,0.5,1.0,3.9,333285
116,Rudy Gay,PF,SAS,32.0,69.0,51.0,26.7,5.4,1.1,4.4,1.7,5.9,6.8,2.6,0.8,0.5,1.7,2.3,13.7,10087200
117,Paul George,SF,OKC,28.0,77.0,77.0,36.9,9.2,3.8,5.4,5.9,6.8,8.2,4.1,2.2,0.4,2.7,2.8,28.0,30560700
118,Taj Gibson,PF,MIN,33.0,70.0,57.0,24.1,4.3,0.2,4.2,1.9,4.1,6.5,1.2,0.8,0.6,1.0,2.7,10.8,14000000
119,Shai Gilgeous-Alexander,PG,LAC,20.0,82.0,73.0,26.5,4.2,0.6,3.5,1.9,2.1,2.8,3.3,1.2,0.5,1.7,2.1,10.8,3375360
120,Rudy Gobert,C,UTA,26.0,81.0,80.0,31.8,5.9,0.0,5.9,4.1,9.0,12.9,2.0,0.8,2.3,1.6,2.9,15.9,23241573
121,Aaron Gordon,PF,ORL,23.0,78.0,78.0,33.8,6.0,1.6,4.5,2.4,5.7,7.4,3.7,0.7,0.7,2.1,2.2,16.0,21590909
122,Eric Gordon,SG,HOU,30.0,68.0,53.0,31.7,5.6,3.2,2.5,1.8,1.9,2.2,1.9,0.6,0.4,1.3,2.1,16.2,13500375
123,Marcin Gortat,C,LAC,34.0,47.0,43.0,16.0,2.1,0.0,2.1,0.7,4.1,5.6,1.4,0.1,0.5,1.1,2.0,5.0,13565218
124,Devonte' Graham,PG,CHO,23.0,46.0,3.0,14.7,1.6,0.7,0.9,0.8,1.2,1.4,2.6,0.5,0.0,0.7,1.0,4.7,988464
125,Jerami Grant,PF,OKC,24.0,80.0,77.0,32.7,5.1,1.4,3.7,2.0,4.0,5.2,1.0,0.8,1.3,0.8,2.7,13.6,8653847
126,Jerian Grant,PG,ORL,26.0,60.0,1.0,15.7,1.5,0.7,0.9,0.4,1.3,1.6,2.6,0.7,0.1,0.9,1.3,4.2,2639314
127,Danny Green,SG,TOR,31.0,80.0,80.0,27.7,3.7,2.5,1.2,0.5,3.2,4.0,1.6,0.9,0.7,0.9,2.1,10.3,10000000
128,Draymond Green,PF,GSW,28.0,66.0,66.0,31.3,2.8,0.7,2.1,1.0,6.4,7.3,6.9,1.4,1.1,2.6,3.0,7.4,17469565
129,Gerald Green,SG,HOU,33.0,73.0,0.0,20.2,3.2,2.1,1.0,0.8,2.1,2.5,0.5,0.5,0.4,0.8,1.7,9.2,1512601
130,Jeff Green,PF,WAS,32.0,77.0,44.0,27.2,4.2,1.4,2.8,2.4,3.3,4.0,1.8,0.6,0.5,1.3,2.1,12.3,1512601
131,Blake Griffin,PF,DET,29.0,75.0,75.0,35.0,8.3,2.5,5.7,5.5,6.2,7.5,5.4,0.7,0.4,3.4,2.7,24.5,32088932
132,Daniel Hamilton,SG,ATL,23.0,19.0,3.0,10.7,1.2,0.4,0.8,0.2,1.9,2.5,1.2,0.3,0.1,0.8,1.0,3.0,1349383
133,James Harden,PG,HOU,29.0,78.0,78.0,36.8,10.8,4.8,6.0,9.7,5.8,6.6,7.5,2.0,0.7,5.0,3.1,36.1,30421854
134,Maurice Harkless,SF,POR,25.0,60.0,53.0,23.6,3.2,0.6,2.6,0.8,3.2,4.5,1.2,1.1,0.9,0.8,2.7,7.7,10837079
135,Montrezl Harrell,C,LAC,25.0,82.0,5.0,26.3,6.7,0.0,6.6,3.2,4.3,6.5,2.0,0.9,1.3,1.6,3.1,16.6,6000000
136,Devin Harris,PG,DAL,35.0,68.0,2.0,15.8,1.9,0.9,1.0,1.5,1.5,1.6,1.8,0.5,0.2,0.8,2.0,6.3,1512601
137,Gary Harris,SG,DEN,24.0,57.0,48.0,28.8,4.7,1.4,3.3,2.0,2.1,2.8,2.2,1.0,0.3,1.2,2.0,12.9,16517857
138,Joe Harris,SG,BRK,27.0,76.0,76.0,30.2,4.9,2.4,2.5,1.4,3.1,3.8,2.4,0.5,0.2,1.6,2.4,13.7,8333333
139,Tobias Harris,PF,TOT,26.0,82.0,82.0,34.7,7.5,1.9,5.5,3.2,7.0,7.9,2.8,0.6,0.5,1.8,2.2,20.0,14800000
140,Andrew Harrison,PG,TOT,24.0,17.0,0.0,11.0,0.9,0.3,0.6,1.0,0.8,1.2,1.4,0.2,0.1,0.7,2.0,3.2,1544951
141,Josh Hart,SG,LAL,23.0,67.0,22.0,25.6,2.8,1.4,1.4,0.8,3.2,3.7,1.4,1.0,0.6,0.9,2.2,7.8,1655160
142,Isaiah Hartenstein,PF,HOU,20.0,28.0,0.0,7.9,0.7,0.1,0.6,0.4,0.9,1.7,0.5,0.3,0.4,0.5,2.0,1.9,838464
143,Gordon Hayward,PF,BOS,28.0,72.0,18.0,25.9,4.1,1.1,3.0,2.2,3.8,4.5,3.4,0.9,0.3,1.5,1.4,11.5,31214295
144,John Henson,C,MIL,28.0,14.0,0.0,13.4,2.2,0.8,1.4,0.4,3.9,5.1,1.0,0.5,0.8,0.9,1.1,5.6,11327466
145,Mario Hezonja,SF,NYK,23.0,58.0,24.0,20.8,3.3,0.7,2.6,1.5,3.6,4.1,1.5,1.0,0.1,1.5,1.9,8.8,6500000
146,Buddy Hield,SG,SAC,26.0,82.0,82.0,31.9,7.6,3.4,4.2,2.1,3.7,5.0,2.5,0.7,0.4,1.8,2.5,20.7,3844760
147,George Hill,PG,TOT,32.0,60.0,13.0,21.7,2.8,0.8,2.0,1.2,1.8,2.5,2.3,0.9,0.1,0.9,1.7,7.6,19000000
148,Solomon Hill,SF,NOP,27.0,44.0,15.0,20.0,1.5,0.7,0.8,0.5,2.3,3.0,1.3,0.5,0.2,0.7,1.8,4.3,12252928
149,Aaron Holiday,PG,IND,22.0,50.0,0.0,12.9,2.1,0.9,1.2,0.8,1.2,1.3,1.7,0.4,0.3,0.8,1.4,5.9,1911960
150,Jrue Holiday,SG,NOP,28.0,67.0,67.0,35.9,8.2,1.8,6.4,3.1,3.9,5.0,7.7,1.6,0.8,3.1,2.2,21.2,25976111
151,Rondae Hollis-Jefferson,SF,BRK,24.0,59.0,21.0,20.9,3.4,0.2,3.2,2.0,3.8,5.3,1.6,0.7,0.5,1.2,1.8,8.9,2470357
152,Richaun Holmes,C,PHO,25.0,70.0,4.0,16.9,3.2,0.0,3.2,1.8,3.1,4.7,0.9,0.6,1.1,0.7,2.8,8.2,1600520
153,Rodney Hood,SG,TOT,26.0,72.0,49.0,26.3,4.1,1.2,2.9,1.9,1.8,2.2,1.8,0.8,0.2,0.8,2.0,11.2,3472887
154,Al Horford,C,BOS,32.0,68.0,68.0,29.0,5.7,1.1,4.6,1.1,5.0,6.7,4.2,0.9,1.3,1.5,1.9,13.6,28928709
155,Dwight Howard,C,WAS,33.0,9.0,9.0,25.6,4.8,0.0,4.8,3.2,6.6,9.2,0.4,0.8,0.4,1.8,3.8,12.8,5337000
156,Kevin Huerter,SG,ATL,20.0,75.0,59.0,27.3,3.7,1.8,1.9,0.5,2.5,3.3,2.9,0.9,0.3,1.5,2.1,9.7,2250960
157,Chandler Hutchison,SF,CHI,22.0,44.0,14.0,20.3,2.2,0.3,1.9,0.5,3.5,4.2,0.8,0.5,0.1,0.6,1.3,5.2,1990520
158,Serge Ibaka,C,TOR,29.0,74.0,51.0,27.2,6.3,0.7,5.6,1.8,6.0,8.1,1.3,0.4,1.4,1.5,2.9,15.0,21666667
159,Andre Iguodala,SF,GSW,35.0,68.0,13.0,23.2,2.2,0.7,1.5,0.6,3.0,3.7,3.2,0.9,0.8,0.8,1.4,5.7,16000000
160,Brandon Ingram,SF,LAL,21.0,52.0,52.0,33.8,7.0,0.6,6.4,3.8,4.3,5.1,3.0,0.5,0.6,2.5,2.9,18.3,5757120
161,Kyrie Irving,PG,BOS,26.0,67.0,67.0,33.0,9.0,2.6,6.4,3.2,3.9,5.0,6.9,1.5,0.5,2.6,2.5,23.8,20099189
162,Jonathan Isaac,PF,ORL,21.0,75.0,64.0,26.6,3.5,1.1,2.3,1.5,4.2,5.5,1.1,0.8,1.3,1.0,1.9,9.6,4969080
163,Frank Jackson,PG,NOP,20.0,61.0,16.0,19.2,3.2,0.9,2.3,0.9,1.8,2.2,1.1,0.4,0.0,0.8,1.5,8.1,1378242
164,Josh Jackson,SG,PHO,21.0,79.0,29.0,25.2,4.4,0.9,3.5,1.8,3.6,4.4,2.3,0.9,0.7,2.2,2.6,11.5,6041520
165,Justin Jackson,SF,TOT,23.0,81.0,14.0,19.9,2.7,1.1,1.6,0.8,2.1,2.6,1.2,0.4,0.2,0.4,1.2,7.2,2807880
166,Reggie Jackson,PG,DET,28.0,82.0,82.0,27.9,5.4,2.1,3.3,2.5,2.1,2.6,4.2,0.7,0.1,1.8,2.5,15.4,17043478
167,LeBron James,SF,LAL,34.0,55.0,55.0,35.2,10.1,2.0,8.1,5.1,7.4,8.5,8.3,1.3,0.6,3.6,1.7,27.4,35654150
168,John Jenkins,SG,TOT,27.0,26.0,0.0,12.8,1.6,0.8,0.8,0.6,1.2,1.4,0.8,0.0,0.1,0.3,0.4,4.7,486520
169,Jonas Jerebko,PF,GSW,31.0,73.0,6.0,16.7,2.2,0.9,1.3,0.9,3.0,3.9,1.3,0.4,0.2,0.6,1.9,6.3,1512601
170,Alize Johnson,PF,IND,22.0,14.0,0.0,4.6,0.3,0.1,0.2,0.3,1.1,1.4,0.1,0.1,0.2,0.0,0.5,0.9,838464
171,Amir Johnson,C,PHI,31.0,51.0,6.0,10.4,1.5,0.2,1.3,0.6,2.0,2.9,1.2,0.3,0.3,0.9,1.9,3.9,1512601
172,James Johnson,PF,MIA,31.0,55.0,33.0,21.2,3.0,0.9,2.1,0.9,2.8,3.2,2.5,0.6,0.5,1.3,2.1,7.8,14651700
173,Stanley Johnson,SF,TOT,22.0,66.0,7.0,18.3,2.6,0.9,1.7,0.8,2.8,3.3,1.3,0.9,0.2,1.2,1.7,6.9,3940402
174,Wesley Johnson,SF,TOT,31.0,38.0,13.0,14.1,1.2,0.7,0.5,0.3,1.6,1.9,0.6,0.4,0.3,0.5,1.7,3.4,6134520
175,Damian Jones,C,GSW,23.0,24.0,22.0,17.1,2.2,0.0,2.2,1.0,1.8,3.1,1.2,0.5,1.0,0.7,2.6,5.4,1544951
176,Tyus Jones,PG,MIN,22.0,68.0,23.0,22.9,2.7,0.6,2.1,0.9,1.6,2.0,4.8,1.2,0.1,0.7,1.1,6.9,2444053
177,DeAndre Jordan,C,TOT,30.0,69.0,69.0,29.7,4.1,0.0,4.1,2.7,9.8,13.1,2.3,0.6,1.1,2.2,2.4,11.0,22897200
178,Cory Joseph,PG,IND,27.0,82.0,9.0,25.2,2.8,0.7,2.1,0.4,2.9,3.4,3.9,1.1,0.3,1.0,1.6,6.5,7945000
179,Frank Kaminsky,C,CHO,25.0,47.0,0.0,16.1,2.9,1.1,1.9,1.7,2.6,3.5,1.3,0.3,0.3,0.9,1.4,8.6,3627842
180,Enes Kanter,C,TOT,26.0,67.0,31.0,24.5,5.6,0.1,5.4,2.3,6.0,9.8,1.7,0.5,0.4,1.8,2.5,13.7,487109
181,Luke Kennard,SG,DET,22.0,63.0,10.0,22.8,3.6,1.7,1.9,0.8,2.7,2.9,1.8,0.4,0.2,0.9,1.5,9.7,3275280
182,Michael Kidd-Gilchrist,PF,CHO,25.0,64.0,3.0,18.4,2.5,0.3,2.2,1.5,2.5,3.8,1.0,0.5,0.6,0.7,2.4,6.7,13000000
183,Brandon Knight,PG,TOT,27.0,39.0,26.0,18.9,2.5,1.1,1.5,0.7,1.3,1.5,1.8,0.5,0.1,0.8,1.6,6.8,14631250
184,Furkan Korkmaz,SG,PHI,21.0,48.0,7.0,14.1,2.0,1.0,1.1,0.8,1.9,2.2,1.1,0.6,0.0,0.5,1.3,5.8,1740000
185,Kyle Korver,SG,TOT,37.0,70.0,0.0,19.1,2.9,2.0,0.9,0.9,2.2,2.3,1.2,0.4,0.2,0.8,1.5,8.6,7560000
186,Kosta Koufos,C,SAC,29.0,42.0,1.0,12.0,1.7,0.0,1.7,0.2,3.0,4.2,0.9,0.4,0.4,0.6,1.6,3.7,8739500
187,Rodions Kurucs,SF,BRK,20.0,63.0,46.0,20.5,3.2,0.9,2.3,1.1,3.0,3.9,0.8,0.7,0.4,1.2,2.3,8.5,1618320
188,Kyle Kuzma,PF,LAL,23.0,70.0,68.0,33.1,7.1,1.8,5.3,2.7,4.6,5.5,2.5,0.6,0.4,1.9,2.4,18.7,1689840
189,Jeremy Lamb,SG,CHO,26.0,79.0,55.0,28.5,5.5,1.5,4.0,2.9,4.7,5.5,2.2,1.1,0.4,1.0,1.8,15.3,7488372
190,Zach LaVine,SG,CHI,23.0,63.0,62.0,34.5,8.4,1.9,6.5,5.0,4.0,4.7,4.5,1.0,0.4,3.4,2.2,23.7,19500000
191,Jake Layman,SF,POR,24.0,71.0,33.0,18.7,3.0,0.8,2.2,0.7,2.3,3.1,0.7,0.4,0.4,0.6,1.6,7.6,1544951
192,T.J. Leaf,PF,IND,21.0,58.0,1.0,9.0,1.7,0.1,1.6,0.3,1.4,2.2,0.4,0.2,0.3,0.2,0.6,3.9,2407560
193,Courtney Lee,SG,TOT,33.0,34.0,6.0,12.6,1.6,0.5,1.1,0.4,1.3,1.6,1.1,0.6,0.1,0.4,0.9,4.0,12253780
194,Alex Len,C,ATL,25.0,77.0,31.0,20.1,4.2,1.0,3.2,1.8,3.5,5.5,1.1,0.4,0.9,1.3,2.6,11.1,4350000
195,Kawhi Leonard,SF,TOR,27.0,60.0,60.0,34.0,9.3,1.9,7.5,6.1,6.0,7.3,3.3,1.8,0.4,2.0,1.5,26.6,23114067
196,Meyers Leonard,C,POR,26.0,61.0,2.0,14.4,2.2,0.8,1.3,0.7,3.0,3.8,1.2,0.2,0.1,0.7,1.7,5.9,10595506
197,Jon Leuer,PF,DET,29.0,41.0,1.0,9.8,1.6,0.0,1.6,0.6,1.7,2.4,0.3,0.3,0.1,0.6,1.5,3.8,10002681
198,Caris LeVert,SF,BRK,24.0,40.0,25.0,26.6,5.2,1.2,4.0,2.1,2.9,3.8,3.9,1.1,0.4,1.7,1.9,13.7,1702800
199,Damian Lillard,PG,POR,28.0,80.0,80.0,35.5,8.5,3.0,5.6,5.9,3.8,4.6,6.9,1.1,0.4,2.7,1.9,25.8,27977689
200,Shaun Livingston,PG,GSW,33.0,64.0,0.0,15.1,1.7,0.0,1.7,0.6,1.2,1.8,1.8,0.5,0.4,0.6,1.2,4.0,8307692
201,Kevon Looney,C,GSW,22.0,80.0,24.0,18.5,2.7,0.0,2.7,0.8,2.8,5.2,1.5,0.6,0.7,0.6,2.6,6.3,1512601
202,Brook Lopez,C,MIL,30.0,81.0,81.0,28.7,4.4,2.3,2.1,1.4,4.5,4.9,1.2,0.6,2.2,1.0,2.3,12.5,3382000
203,Robin Lopez,C,CHI,30.0,74.0,36.0,21.7,4.1,0.1,4.0,1.2,2.0,3.9,1.2,0.1,1.1,1.3,1.7,9.5,14357750
204,Kevin Love,PF,CLE,30.0,22.0,21.0,27.2,5.0,2.4,2.5,4.7,9.4,10.9,2.2,0.3,0.2,1.9,2.5,17.0,24119025
205,Kyle Lowry,PG,TOR,32.0,65.0,65.0,34.0,4.7,2.4,2.3,2.5,4.2,4.8,8.7,1.4,0.5,2.8,2.6,14.2,31200000
206,Tyler Lydon,PF,DEN,22.0,25.0,0.0,3.8,0.4,0.2,0.2,0.0,0.4,0.7,0.2,0.1,0.0,0.2,0.4,0.9,1874640
207,Trey Lyles,PF,DEN,23.0,64.0,2.0,17.5,3.2,0.8,2.4,1.3,3.2,3.8,1.4,0.5,0.4,1.1,1.5,8.5,3364249
208,Shelvin Mack,PG,TOT,28.0,57.0,3.0,21.9,2.9,0.8,2.1,1.0,1.5,1.8,3.2,0.8,0.1,1.2,1.5,7.5,1512601
209,Ian Mahinmi,C,WAS,32.0,34.0,6.0,14.6,1.4,0.1,1.3,1.2,2.4,3.8,0.7,0.7,0.5,0.6,2.5,4.1,15944154
210,Thon Maker,C,TOT,21.0,64.0,5.0,15.2,1.7,0.8,0.9,0.9,2.5,3.2,0.7,0.3,0.8,0.5,1.6,5.0,2799720
211,Lauri Markkanen,PF,CHI,21.0,52.0,51.0,32.3,6.6,2.3,4.3,3.3,7.6,9.0,1.4,0.7,0.6,1.6,2.3,18.7,4536120
212,Jarell Martin,PF,ORL,24.0,42.0,1.0,7.8,1.0,0.5,0.5,0.2,1.5,1.7,0.4,0.1,0.2,0.3,1.2,2.7,2416222
213,Luc Mbah a Moute,PF,LAC,32.0,4.0,0.0,15.3,2.0,0.5,1.5,0.5,1.3,1.8,0.5,0.3,0.3,0.5,2.0,5.0,4320500
214,Patrick McCaw,SG,TOT,23.0,29.0,1.0,13.7,0.9,0.3,0.6,0.4,1.4,1.7,1.0,0.8,0.1,0.6,1.3,2.6,777665
215,CJ McCollum,SG,POR,27.0,70.0,70.0,33.9,8.2,2.4,5.8,2.3,3.1,4.0,3.0,0.8,0.4,1.5,2.5,21.0,25759766
216,Doug McDermott,SF,IND,27.0,77.0,1.0,17.4,2.7,1.1,1.6,0.9,1.2,1.4,0.9,0.2,0.1,0.5,1.4,7.3,7333333
217,JaVale McGee,C,LAL,31.0,75.0,62.0,22.3,5.3,0.0,5.3,1.3,4.9,7.5,0.7,0.6,2.0,1.4,2.8,12.0,1512601
218,Ben McLemore,SG,SAC,25.0,19.0,0.0,8.3,1.3,0.9,0.4,0.4,0.7,0.9,0.2,0.3,0.2,0.3,1.2,3.9,5460000
219,Jordan McRae,SG,WAS,27.0,27.0,0.0,12.3,2.3,0.4,1.9,1.0,1.3,1.5,1.1,0.5,0.3,0.6,1.0,5.9,17092
220,Jodie Meeks,SG,TOR,31.0,8.0,0.0,13.0,2.6,1.0,1.6,0.1,1.4,1.5,1.0,0.1,0.1,0.3,0.6,6.4,3454500
221,De'Anthony Melton,PG,PHO,20.0,50.0,31.0,19.7,2.0,0.6,1.4,0.4,2.2,2.7,3.2,1.4,0.5,1.5,2.3,5.0,949000
222,Chimezie Metu,PF,SAS,21.0,29.0,0.0,5.0,0.7,0.0,0.7,0.4,0.9,1.2,0.4,0.2,0.1,0.5,0.5,1.8,838464
223,Khris Middleton,SF,MIL,27.0,77.0,77.0,31.1,6.6,2.3,4.2,2.8,5.3,6.0,4.3,1.0,0.1,2.3,2.2,18.3,13000000
224,C.J. Miles,SF,TOT,31.0,53.0,1.0,16.2,2.1,1.3,0.8,0.9,1.5,1.8,0.7,0.5,0.3,0.6,1.5,6.4,8333333
225,Darius Miller,SF,NOP,28.0,69.0,15.0,25.5,2.7,1.9,0.8,0.8,1.7,1.9,2.1,0.6,0.3,0.9,2.4,8.2,2205000
226,Patty Mills,PG,SAS,30.0,82.0,1.0,23.3,3.4,1.9,1.5,1.1,1.9,2.2,3.0,0.6,0.1,1.1,1.6,9.9,11571429
227,Paul Millsap,PF,DEN,33.0,70.0,65.0,27.1,4.6,0.8,3.8,2.6,5.0,7.2,2.0,1.2,0.8,1.4,2.6,12.6,29230769
228,Donovan Mitchell,SG,UTA,22.0,77.0,77.0,33.7,8.6,2.4,6.1,4.1,3.3,4.1,4.2,1.4,0.4,2.8,2.7,23.8,3111480
229,Malik Monk,SG,CHO,20.0,73.0,0.0,17.2,3.1,1.5,1.6,1.2,1.7,1.9,1.6,0.5,0.3,1.2,1.5,8.9,3447480
230,Greg Monroe,C,TOT,28.0,43.0,2.0,11.2,2.1,0.0,2.1,1.0,2.4,4.0,0.6,0.3,0.2,0.7,1.5,5.3,59820
231,E'Twaun Moore,SG,NOP,29.0,53.0,36.0,27.6,4.8,1.4,3.4,0.8,1.7,2.4,1.9,0.8,0.2,1.1,2.1,11.9,8808685
232,Markieff Morris,PF,TOT,29.0,58.0,16.0,21.9,3.5,1.2,2.3,1.2,3.5,4.6,1.4,0.6,0.4,0.9,3.0,9.4,427288
233,Monte Morris,PG,DEN,23.0,82.0,6.0,24.0,4.2,1.1,3.1,0.8,1.9,2.4,3.6,0.9,0.0,0.6,1.2,10.4,1349383
234,Emmanuel Mudiay,PG,NYK,22.0,59.0,42.0,27.2,5.6,1.2,4.4,2.4,2.8,3.3,3.9,0.7,0.3,2.4,1.7,14.8,4294480
235,Jamal Murray,PG,DEN,21.0,75.0,74.0,32.6,6.8,2.0,4.8,2.5,3.4,4.2,4.8,0.9,0.4,2.1,2.0,18.2,3499800
236,Mike Muscala,PF,TOT,27.0,64.0,10.0,20.4,2.3,1.4,0.9,1.1,2.9,3.8,1.2,0.3,0.6,0.8,2.0,7.0,5000000
237,Sviatoslav Mykhailiuk,SF,TOT,21.0,42.0,0.0,10.5,1.1,0.7,0.4,0.3,0.6,0.9,0.9,0.3,0.0,0.5,0.6,3.2,1487694
238,Abdel Nader,SF,OKC,25.0,61.0,1.0,11.4,1.5,0.5,1.0,0.4,1.7,1.9,0.3,0.3,0.2,0.4,1.1,4.0,1378242
239,Shabazz Napier,PG,BRK,27.0,56.0,2.0,17.6,3.0,1.4,1.7,2.1,1.5,1.8,2.6,0.7,0.3,1.2,1.2,9.4,1942422
240,Raul Neto,PG,UTA,26.0,37.0,1.0,12.8,2.0,0.5,1.5,0.8,1.5,1.7,2.5,0.4,0.1,0.9,1.3,5.3,2150000
241,Georges Niang,PF,UTA,25.0,59.0,0.0,8.7,1.5,0.7,0.7,0.3,1.3,1.5,0.6,0.2,0.1,0.4,1.0,4.0,1512601
242,Joakim Noah,C,MEM,33.0,42.0,1.0,16.5,2.6,0.0,2.6,1.9,4.3,5.7,2.1,0.5,0.7,1.2,2.3,7.1,1093858
243,Nerlens Noel,C,OKC,24.0,77.0,2.0,13.7,2.1,0.0,2.1,0.7,2.6,4.2,0.6,0.9,1.2,0.6,2.2,4.9,1757429
244,Dirk Nowitzki,PF,DAL,40.0,51.0,20.0,15.6,2.6,1.3,1.4,0.8,3.0,3.1,0.7,0.2,0.4,0.4,1.5,7.3,5000000
245,Frank Ntilikina,PG,NYK,20.0,43.0,16.0,21.0,2.2,0.8,1.4,0.5,1.7,2.0,2.8,0.7,0.3,1.3,2.4,5.7,4155720
246,Kyle O'Quinn,C,IND,28.0,45.0,3.0,8.2,1.5,0.0,1.5,0.4,2.0,2.6,1.2,0.2,0.6,0.7,1.5,3.5,4449000
247,Semi Ojeleye,PF,BOS,24.0,56.0,3.0,10.6,1.2,0.5,0.7,0.4,1.1,1.5,0.4,0.2,0.1,0.3,0.8,3.3,1378242
248,Jahlil Okafor,C,NOP,23.0,59.0,24.0,15.8,3.6,0.0,3.6,1.0,3.3,4.7,0.7,0.3,0.7,0.9,1.6,8.2,1567707
249,Josh Okogie,SG,MIN,20.0,74.0,52.0,23.7,2.6,0.8,1.8,1.6,2.4,2.9,1.2,1.2,0.4,0.9,2.2,7.7,2160720
250,Victor Oladipo,SG,IND,26.0,36.0,36.0,31.9,6.9,2.1,4.9,2.9,5.0,5.6,5.2,1.7,0.3,2.3,2.0,18.8,21000000
251,Kelly Olynyk,PF,MIA,27.0,79.0,36.0,22.9,3.3,1.4,1.9,1.9,3.8,4.7,1.8,0.7,0.5,1.4,2.3,10.0,12537527
252,Cedi Osman,SF,CLE,23.0,76.0,75.0,32.2,4.7,1.7,3.0,1.9,4.1,4.7,2.6,0.8,0.1,1.5,2.6,13.0,2775000
253,Zaza Pachulia,C,DET,34.0,68.0,3.0,12.9,1.3,0.0,1.3,1.4,2.4,3.9,1.3,0.5,0.3,0.8,2.2,3.9,1512601
254,Jabari Parker,PF,TOT,23.0,64.0,17.0,26.9,5.8,1.0,4.8,2.0,5.3,6.6,2.4,0.7,0.5,2.4,2.3,14.5,20000000
255,Tony Parker,PG,CHO,36.0,56.0,0.0,17.9,3.8,0.2,3.6,1.6,1.2,1.5,3.7,0.4,0.1,1.3,0.9,9.5,5000000
256,Chandler Parsons,SF,MEM,30.0,25.0,3.0,19.8,2.7,1.2,1.6,0.9,2.6,2.8,1.7,0.8,0.2,1.3,1.8,7.5,24107258
257,Patrick Patterson,PF,OKC,29.0,63.0,5.0,13.7,1.3,0.7,0.6,0.3,1.7,2.3,0.5,0.3,0.2,0.3,0.7,3.6,5451600
258,Justin Patton,C,PHI,21.0,3.0,0.0,7.0,0.7,0.0,0.7,0.3,1.3,2.0,1.0,0.7,0.0,0.0,1.7,1.7,2667600
259,Chris Paul,PG,HOU,33.0,58.0,58.0,32.0,5.2,2.2,3.0,3.0,3.9,4.6,8.2,2.0,0.3,2.6,2.5,15.6,35654150
260,Cameron Payne,PG,TOT,24.0,40.0,13.0,17.8,2.4,0.6,1.8,0.8,1.5,1.8,2.7,0.7,0.2,1.1,1.6,6.3,3263294
261,Elfrid Payton,PG,NOP,24.0,42.0,42.0,29.8,4.3,0.8,3.5,1.3,4.1,5.2,7.6,1.0,0.4,2.7,1.9,10.6,3000000
262,Mason Plumlee,C,DEN,28.0,82.0,17.0,21.1,3.2,0.0,3.2,1.4,4.4,6.4,3.0,0.8,0.9,1.5,3.1,7.8,12917808
263,Miles Plumlee,C,ATL,30.0,18.0,0.0,9.6,1.8,0.0,1.8,0.9,1.3,2.2,0.9,0.3,0.2,0.6,0.8,4.4,12500000
264,Quincy Pondexter,SF,SAS,30.0,53.0,0.0,5.5,0.5,0.1,0.4,0.6,0.7,0.9,0.5,0.2,0.0,0.2,0.5,1.8,1512601
265,Bobby Portis,PF,TOT,23.0,50.0,28.0,26.0,5.6,1.5,4.1,1.5,5.9,8.1,1.4,0.7,0.4,1.5,2.9,14.2,2494346
266,Dwight Powell,C,DAL,27.0,77.0,22.0,21.6,3.8,0.5,3.3,2.5,3.5,5.3,1.5,0.6,0.6,0.9,2.6,10.6,9631250
267,Norman Powell,SG,TOR,25.0,60.0,3.0,18.8,3.2,1.1,2.1,1.0,2.1,2.3,1.5,0.7,0.2,1.1,1.6,8.6,9367200
268,Zhou Qi,PF,HOU,23.0,1.0,0.0,1.0,1.0,0.0,1.0,0.0,0.0,0.0,0.0,0.0,0.0,0.0,0.0,2.0,1378242
269,Ivan Rabb,PF,MEM,21.0,49.0,13.0,14.7,2.4,0.1,2.3,1.0,2.8,4.2,1.1,0.3,0.3,0.7,1.8,5.8,1378242
270,Julius Randle,PF,NOP,24.0,73.0,49.0,30.6,7.8,0.9,6.9,4.9,6.5,8.7,3.1,0.7,0.6,2.8,3.4,21.4,8641000
271,Josh Richardson,SG,MIA,25.0,73.0,73.0,34.8,5.8,2.2,3.5,2.7,2.9,3.6,4.1,1.1,0.5,1.5,2.7,16.6,9367200
272,Malachi Richardson,SG,TOR,23.0,22.0,0.0,4.7,0.4,0.4,0.0,0.2,0.5,0.6,0.0,0.0,0.0,0.4,0.6,1.4,1569360
273,Austin Rivers,SG,TOT,26.0,76.0,15.0,26.7,3.1,1.4,1.7,0.7,1.8,2.1,2.2,0.6,0.3,0.9,2.7,8.1,922943
274,Jerome Robinson,SG,LAC,21.0,33.0,0.0,9.7,1.3,0.5,0.8,0.2,1.2,1.2,0.6,0.3,0.1,0.4,1.4,3.4,3046200
275,Mitchell Robinson,C,NYK,20.0,66.0,19.0,20.6,3.1,0.0,3.1,1.2,3.7,6.4,0.6,0.8,2.4,0.5,3.3,7.3,1485440
276,Rajon Rondo,PG,LAL,32.0,46.0,29.0,29.8,3.8,1.1,2.7,0.5,4.5,5.3,8.0,1.2,0.2,2.8,2.2,9.2,9000000
277,Derrick Rose,PG,MIN,30.0,51.0,13.0,27.3,7.1,1.1,6.1,2.7,2.1,2.7,4.3,0.6,0.2,1.6,1.1,18.0,1512601
278,Terrence Ross,SG,ORL,27.0,81.0,0.0,26.5,5.4,2.7,2.8,1.6,3.1,3.5,1.7,0.9,0.4,1.1,1.5,15.1,10500000
279,Terry Rozier,PG,BOS,24.0,79.0,14.0,22.7,3.3,1.5,1.8,0.9,3.5,3.9,2.9,0.9,0.3,0.9,1.3,9.0,3050390
280,Ricky Rubio,PG,UTA,28.0,68.0,67.0,27.9,4.3,1.2,3.2,2.9,3.1,3.6,6.1,1.3,0.1,2.6,2.6,12.7,14975000
281,D'Angelo Russell,PG,BRK,22.0,81.0,81.0,30.2,8.1,2.9,5.2,2.0,3.2,3.9,7.0,1.2,0.2,3.1,1.7,21.1,7019698
282,Domantas Sabonis,C,IND,22.0,74.0,5.0,24.8,5.6,0.1,5.5,2.8,6.8,9.3,2.9,0.6,0.4,2.2,3.2,14.1,2659800
283,Mike Scott,PF,TOT,30.0,79.0,3.0,17.7,2.1,1.3,0.8,0.3,2.9,3.5,0.8,0.3,0.2,0.6,2.0,5.8,4320500
284,Thabo Sefolosha,SF,UTA,34.0,50.0,2.0,12.2,1.4,0.7,0.7,0.3,2.3,2.5,0.5,0.9,0.1,0.5,0.8,3.8,5250000
285,Collin Sexton,PG,CLE,20.0,82.0,72.0,31.8,6.3,1.5,4.9,2.6,2.2,2.9,3.0,0.5,0.1,2.3,2.3,16.7,4068600
286,Landry Shamet,SG,TOT,21.0,79.0,27.0,22.8,3.0,2.1,0.9,0.9,1.4,1.7,1.5,0.5,0.1,0.6,2.0,9.1,1703649
287,Iman Shumpert,SG,TOT,28.0,62.0,41.0,23.9,2.7,1.5,1.2,0.6,2.5,3.0,1.8,1.0,0.4,0.8,2.0,7.5,11011234
288,Pascal Siakam,PF,TOR,24.0,80.0,79.0,31.9,6.5,1.0,5.5,3.0,5.3,6.9,3.1,0.9,0.7,1.9,3.0,16.9,1544951
289,Ben Simmons,PG,PHI,22.0,79.0,79.0,34.2,6.8,0.0,6.8,3.3,6.6,8.8,7.7,1.4,0.8,3.5,2.6,16.9,6434520
290,Anfernee Simons,SG,POR,19.0,20.0,1.0,7.1,1.4,0.5,0.9,0.5,0.5,0.7,0.7,0.1,0.0,0.6,0.5,3.8,1760520
291,Marcus Smart,SG,BOS,24.0,80.0,60.0,27.5,3.0,1.6,1.4,1.3,2.2,2.9,4.0,1.8,0.4,1.5,2.5,8.9,11660716
292,Jason Smith,C,TOT,32.0,20.0,1.0,9.5,1.1,0.5,0.6,0.7,1.8,2.6,0.7,0.2,0.4,0.7,1.5,3.3,5450000
293,Zhaire Smith,SG,PHI,19.0,6.0,2.0,18.5,2.3,1.0,1.3,1.0,1.7,2.2,1.7,0.3,0.3,1.0,1.3,6.7,2526840
294,Tony Snell,SF,MIL,27.0,74.0,12.0,17.6,2.2,1.1,1.1,0.5,1.7,2.1,0.9,0.4,0.2,0.3,1.2,6.0,10807143
295,Ray Spalding,PF,TOT,21.0,14.0,3.0,10.6,1.8,0.0,1.8,0.3,2.4,3.4,0.4,0.6,0.6,0.6,1.6,3.9,184746
296,Omari Spellman,PF,ATL,21.0,46.0,11.0,17.5,2.1,1.0,1.2,0.7,2.7,4.2,1.0,0.6,0.5,0.7,1.5,5.9,1620480
297,Nik Stauskas,SG,TOT,25.0,68.0,0.0,14.9,2.0,1.0,1.0,0.8,1.6,1.9,1.2,0.3,0.1,0.8,0.7,5.9,504200
298,Lance Stephenson,SG,LAL,28.0,68.0,3.0,16.5,2.7,1.1,1.6,0.7,2.7,3.2,2.1,0.6,0.1,1.3,1.6,7.2,4449000
299,Caleb Swanigan,PF,TOT,21.0,21.0,0.0,8.5,0.9,0.0,0.8,0.3,2.2,3.0,0.5,0.3,0.0,0.9,1.3,2.0,1740000
300,Jayson Tatum,SF,BOS,20.0,79.0,79.0,31.1,5.9,1.5,4.4,2.5,5.2,6.0,2.1,1.1,0.7,1.5,2.1,15.7,6700800
301,Jeff Teague,PG,MIN,30.0,42.0,41.0,30.1,4.2,0.8,3.4,2.9,2.1,2.5,8.2,1.0,0.4,2.3,2.1,12.1,19000000
302,Isaiah Thomas,SG,DEN,29.0,12.0,0.0,15.1,2.8,1.0,1.8,1.4,0.7,1.1,1.9,0.4,0.1,1.5,1.4,8.1,1512601
303,Khyri Thomas,SG,DET,22.0,26.0,0.0,7.5,0.8,0.4,0.5,0.3,0.6,0.8,0.3,0.3,0.2,0.2,0.8,2.3,838464
304,Klay Thompson,SG,GSW,28.0,78.0,78.0,34.0,8.4,3.1,5.3,1.7,3.4,3.8,2.4,1.1,0.6,1.5,2.0,21.5,18988725
305,Tristan Thompson,C,CLE,27.0,43.0,40.0,27.9,4.7,0.0,4.7,1.6,6.2,10.2,2.0,0.7,0.4,1.4,2.1,10.9,17469565
306,Sindarius Thornwell,SG,LAC,24.0,64.0,1.0,4.9,0.3,0.0,0.2,0.4,0.6,0.7,0.3,0.2,0.1,0.3,0.6,1.0,1378242
307,Karl-Anthony Towns,C,MIN,23.0,77.0,77.0,33.1,8.8,1.8,7.0,4.9,9.0,12.4,3.4,0.9,1.6,3.1,3.8,24.4,7839435
308,P.J. Tucker,PF,HOU,33.0,82.0,82.0,34.2,2.5,1.8,0.7,0.5,4.4,5.8,1.2,1.6,0.5,0.8,3.1,7.3,7969537
309,Evan Turner,PG,POR,30.0,73.0,2.0,22.0,2.8,0.2,2.6,1.0,4.0,4.5,3.9,0.5,0.2,1.6,1.5,6.8,17868853
310,Myles Turner,C,IND,22.0,74.0,74.0,28.6,5.1,1.0,4.1,2.0,5.8,7.2,1.6,0.8,2.7,1.4,2.6,13.3,3410284
311,Ekpe Udoh,C,UTA,31.0,51.0,1.0,6.3,1.0,0.0,1.0,0.4,1.2,1.8,0.5,0.2,0.6,0.3,0.7,2.3,3360000
312,Jarred Vanderbilt,PF,DEN,19.0,17.0,0.0,4.1,0.5,0.0,0.5,0.4,0.9,1.4,0.2,0.4,0.1,0.5,0.5,1.4,838464
313,Noah Vonleh,PF,NYK,23.0,68.0,57.0,25.3,3.0,0.7,2.4,1.6,6.1,7.8,1.9,0.7,0.8,1.3,2.6,8.4,1512601
314,Dwyane Wade,SG,MIA,37.0,72.0,2.0,26.2,5.8,1.2,4.6,2.3,3.0,4.0,4.2,0.8,0.5,2.3,1.6,15.0,1512601
315,Moritz Wagner,C,LAL,21.0,43.0,5.0,10.4,1.7,0.5,1.1,1.0,1.6,2.0,0.6,0.3,0.3,0.9,1.3,4.8,1762080
316,Dion Waiters,SG,MIA,27.0,44.0,28.0,25.9,4.5,2.5,2.0,0.5,2.5,2.6,2.8,0.7,0.2,1.5,1.6,12.0,11550000
317,Kemba Walker,PG,CHO,28.0,82.0,82.0,34.9,8.9,3.2,5.7,4.6,3.8,4.4,5.9,1.2,0.4,2.6,1.6,25.6,12000000
318,John Wall,PG,WAS,28.0,32.0,32.0,34.5,7.7,1.6,6.1,3.8,3.2,3.6,8.7,1.5,0.9,3.8,2.2,20.7,19169800
319,Tyrone Wallace,PG,LAC,24.0,62.0,0.0,10.1,1.5,0.1,1.4,0.5,1.3,1.6,0.7,0.3,0.1,0.6,1.3,3.5,1349383
320,T.J. Warren,SF,PHO,25.0,43.0,36.0,31.6,6.9,1.8,5.1,2.3,3.3,4.0,1.5,1.2,0.7,1.2,2.8,18.0,11750000
321,Russell Westbrook,PG,OKC,30.0,73.0,73.0,36.0,8.6,1.6,7.0,4.1,9.6,11.1,10.7,1.9,0.5,4.5,3.4,22.9,35654150
322,Derrick White,PG,SAS,24.0,67.0,55.0,25.8,3.9,0.7,3.2,1.4,3.2,3.7,3.9,1.0,0.7,1.4,2.2,9.9,1667160
323,Hassan Whiteside,C,MIA,29.0,72.0,53.0,23.3,5.4,0.0,5.4,1.5,7.8,11.3,0.8,0.6,1.9,1.3,2.7,12.3,25434262
324,Andrew Wiggins,SF,MIN,23.0,73.0,73.0,34.8,6.8,1.6,5.2,2.8,3.7,4.8,2.5,1.0,0.7,1.9,2.1,18.1,25467250
325,Lou Williams,SG,LAC,32.0,75.0,1.0,26.6,6.5,1.4,5.1,5.7,2.4,3.0,5.4,0.8,0.1,2.4,1.1,20.0,8000000
326,Marvin Williams,PF,CHO,32.0,75.0,75.0,28.4,3.7,1.9,1.8,0.9,4.4,5.4,1.2,0.9,0.8,0.6,2.1,10.1,14087500
327,D.J. Wilson,PF,MIL,22.0,48.0,3.0,18.4,2.2,1.0,1.2,0.5,3.7,4.6,1.1,0.4,0.4,0.7,1.8,5.8,2534280
328,Justise Winslow,SF,MIA,22.0,66.0,52.0,29.7,4.9,1.5,3.5,1.3,4.4,5.4,4.3,1.1,0.3,2.2,2.7,12.6,3448926
329,Delon Wright,PG,TOT,26.0,75.0,13.0,22.7,3.2,0.7,2.6,1.6,2.6,3.5,3.3,1.2,0.4,1.0,1.4,8.7,2536898
330,Guerschon Yabusele,PF,BOS,23.0,41.0,1.0,6.1,0.9,0.2,0.6,0.4,0.7,1.3,0.4,0.2,0.2,0.4,0.8,2.3,2667600
331,Nick Young,SG,DEN,33.0,4.0,0.0,9.3,0.8,0.8,0.0,0.0,0.3,0.3,0.5,0.0,0.3,0.5,1.0,2.3,1042584
332,Thaddeus Young,PF,IND,30.0,81.0,81.0,30.7,5.5,0.6,4.8,1.1,4.1,6.5,2.5,1.5,0.4,1.5,2.4,12.6,13964045
333,Trae Young,PG,ATL,20.0,81.0,81.0,30.9,6.5,1.9,4.6,4.2,2.9,3.7,8.1,0.9,0.2,3.8,1.7,19.1,5356440
334,Cody Zeller,C,CHO,26.0,49.0,47.0,25.4,3.9,0.1,3.8,2.3,4.6,6.8,2.1,0.8,0.8,1.3,3.3,10.1,13528090
335,Tyler Zeller,C,TOT,29.0,6.0,1.0,15.5,2.7,0.0,2.7,2.3,2.2,4.0,0.7,0.2,0.5,0.7,3.3,7.7,59820
336,Ivica Zubac,C,TOT,21.0,59.0,37.0,17.6,3.6,0.0,3.6,1.7,4.2,6.1,1.1,0.2,0.9,1.2,2.3,8.9,1544951
